200 100 0 0
466     700
859     272
514     368
257     337
559     680
842     464
849     834
139     741
919     743
974     622
969     879
997     255
653     593
247     346
177     866
958     942
280     403
327     3
226     542
567     341
239     799
978     473
825     222
954     314
53      231
299     165
180     527
967     469
291     702
636     758
184     600
756     739
578     895
796     831
392     252
604     949
205     90
531     933
182     765
452     902
819     133
594     932
974     491
554     472
422     538
881     757
130     256
430     941
511     313
56      451
439     701
222     729
447     471
46      511
937     701
184     339
740     674
162     837
283     332
382     636
527     130
544     517
149     205
164     82
63      366
559     690
747     564
223     830
290     748
826     673
135     136
541     999
718     816
369     452
484     201
317     330
701     297
832     16
740     637
690     63
258     787
747     93
860     449
178     46
576     40
172     164
917     351
77      355
260     741
796     416
197     885
390     94
718     960
342     34
157     207
204     318
312     745
296     411
587     247
122     766
466     841
793     674
23      557
216     944
612     233
841     280
802     575
220     308
72      439
806     143
735     605
825     512
931     383
401     132
450     837
948     614
867     686
81      361
532     884
198     556
560     731
45      86
747     428
902     331
599     319
655     529
529     450
574     788
146     914
523     487
189     829
572     869
712     692
258     248
822     597
424     840
983     128
684     207
987     249
524     272
538     766
537     749
933     154
167     795
400     940
265     570
282     342
181     956
588     428
585     680
55      829
556     643
433     605
395     229
133     898
783     850
155     397
102     778
153     655
90      18
763     937
275     493
677     990
124     593
443     877
130     349
694     337
13      763
310     53
902     919
144     220
363     26
290     80
678     922
697     141
730     163
507     69
349     738
208     537
273     399
371     465
809     575
799     65
740     961
422     885
97      561
637     618
41      358
430     256
661     474
255     195
557     583
424     760
131     109
396     954
913     36
701     407
665     844
159     518
366     378
194     9
135     53
120     123
100     47
6       160
179     59
149     124
172     50
159     74
4       198
63      105
122     64
154     18
21      84
100     49
127     30
19      11
96      164
89      100
32      78
94      131
146     112
75      185
23      94
145     62
71      112
142     149
181     82
169     173
180     12
197     92
108     148
80      24
33      91
173     97
73      148
123     90
66      41
175     199
48      35
50      55
61      42
169     119
16      80
46      184
140     41
194     60
70      125
95      200
160     130
102     104
4       198
163     149
164     107
19      127
45      152
46      52
33      192
1       28
17      47
100     65
66      48
27      143
135     115
145     166
197     34
185     13
89      162
86      54
178     60
8       10
163     5
50      156
8       131
48      17
89      56
180     40
188     200
10      3
90      129
62      107
185     130
105     106
189     188
149     70
158     38
139     30
112     163
123     71
151     69
185     157
186     91
27      13
104     160
57      99
121     66
16      53
89      17
87      130
52      24